Input done, Time taken 2.6432418823242188
Matrices Made, Time taken 2.160318613052368
Solved, Time taken 129.8569622039795
w
[[  0.00000000e+00]
 [  0.00000000e+00]
 [  0.00000000e+00]
 [  0.00000000e+00]
 [  0.00000000e+00]
 [  0.00000000e+00]
 [  0.00000000e+00]
 [  0.00000000e+00]
 [  0.00000000e+00]
 [  0.00000000e+00]
 [  0.00000000e+00]
 [  0.00000000e+00]
 [  0.00000000e+00]
 [  0.00000000e+00]
 [  0.00000000e+00]
 [  0.00000000e+00]
 [  0.00000000e+00]
 [  0.00000000e+00]
 [  0.00000000e+00]
 [  0.00000000e+00]
 [  0.00000000e+00]
 [  0.00000000e+00]
 [  0.00000000e+00]
 [  0.00000000e+00]
 [  0.00000000e+00]
 [  0.00000000e+00]
 [  0.00000000e+00]
 [  0.00000000e+00]
 [  0.00000000e+00]
 [  0.00000000e+00]
 [  0.00000000e+00]
 [  0.00000000e+00]
 [  0.00000000e+00]
 [  0.00000000e+00]
 [ -2.18116515e-11]
 [ -1.07982781e-10]
 [ -3.73908477e-10]
 [ -3.14284091e-10]
 [ -6.31117063e-10]
 [ -7.80345024e-10]
 [ -1.39891752e-01]
 [ -8.40879506e-03]
 [ -9.07372350e-10]
 [ -9.38496112e-10]
 [ -7.27442622e-10]
 [ -9.69097317e-10]
 [ -6.05977734e-10]
 [ -1.08028382e-09]
 [ -1.14299717e-09]
 [ -7.27364665e-11]
 [  0.00000000e+00]
 [  0.00000000e+00]
 [  0.00000000e+00]
 [  0.00000000e+00]
 [  0.00000000e+00]
 [  0.00000000e+00]
 [  0.00000000e+00]
 [  0.00000000e+00]
 [ -1.33786442e-11]
 [  0.00000000e+00]
 [ -7.12092006e-12]
 [ -1.62089346e-11]
 [ -1.68353740e-10]
 [ -5.17160720e-10]
 [ -1.09623330e-09]
 [ -3.99538562e-02]
 [ -1.06544559e-01]
 [ -1.90349682e-01]
 [ -3.48110499e-01]
 [ -1.95078080e-01]
 [ -7.37958501e-02]
 [ -1.05297514e-01]
 [ -1.95871288e-01]
 [ -1.39882278e-01]
 [  1.46876667e-01]
 [  7.42576520e-02]
 [ -9.00574360e-02]
 [ -1.12576031e-01]
 [  8.61832197e-02]
 [  5.21345982e-10]
 [ -9.98116937e-11]
 [  0.00000000e+00]
 [  0.00000000e+00]
 [  0.00000000e+00]
 [  0.00000000e+00]
 [  0.00000000e+00]
 [ -2.94748254e-11]
 [ -9.52484718e-12]
 [  8.37208676e-11]
 [ -1.38273777e-10]
 [ -3.93784618e-10]
 [ -5.25839403e-02]
 [ -1.78153835e-01]
 [ -5.46628519e-01]
 [ -3.23122186e-01]
 [ -4.79618122e-01]
 [ -5.62431974e-01]
 [ -1.96701178e-02]
 [ -2.00291340e-01]
 [ -7.79256721e-02]
 [  1.50861398e-01]
 [ -2.59093222e-02]
 [ -1.18073056e-01]
 [ -2.76990259e-01]
 [ -7.37369969e-02]
 [  6.95909571e-01]
 [  7.61456607e-02]
 [ -1.08773703e+00]
 [ -6.96716135e-01]
 [ -7.45098040e-02]
 [  0.00000000e+00]
 [  0.00000000e+00]
 [  0.00000000e+00]
 [  0.00000000e+00]
 [  0.00000000e+00]
 [ -3.66988225e-12]
 [ -9.84564822e-11]
 [  2.50577483e-03]
 [ -2.12070575e-02]
 [  2.83845628e-01]
 [ -4.71599623e-01]
 [ -5.96897849e-01]
 [  9.58710413e-02]
 [  1.49919222e-01]
 [  3.57379360e-01]
 [  1.50149362e-01]
 [  9.60170556e-02]
 [  6.37411234e-01]
 [ -2.27901447e-01]
 [  1.15989816e-01]
 [  9.55830614e-01]
 [  2.72272204e-01]
 [ -4.90574091e-01]
 [  6.33973973e-01]
 [  6.63603066e-01]
 [  3.07111640e-01]
 [  1.19794504e+00]
 [  4.26800819e-01]
 [  4.06699498e-02]
 [ -4.07325754e-02]
 [  0.00000000e+00]
 [  0.00000000e+00]
 [  0.00000000e+00]
 [  1.07371666e-10]
 [ -2.57314229e-10]
 [  4.12240441e-03]
 [ -3.98392519e-02]
 [ -1.14786504e-01]
 [  7.85677275e-02]
 [  5.17743264e-01]
 [ -1.77700458e-02]
 [  8.10797204e-01]
 [  3.37572023e-01]
 [  2.27028739e-01]
 [ -5.57895424e-01]
 [ -5.93046021e-03]
 [ -1.18597076e-01]
 [ -6.93760028e-01]
 [  3.36683433e-01]
 [ -1.12540885e-01]
 [  3.53857667e-02]
 [ -5.64586973e-01]
 [ -7.83826503e-02]
 [ -1.96450537e-01]
 [  2.86667271e-01]
 [  1.90225713e-01]
 [  2.34046947e-02]
 [ -6.01290399e-02]
 [  0.00000000e+00]
 [  0.00000000e+00]
 [  1.42789348e-11]
 [ -3.80424588e-12]
 [ -4.49789336e-11]
 [  6.45877926e-02]
 [  9.51939828e-03]
 [ -3.31172169e-01]
 [  4.61989904e-01]
 [  2.07153317e-01]
 [  1.07421977e-01]
 [ -3.73710654e-02]
 [ -1.33061148e-01]
 [  2.59995221e-01]
 [  9.91342094e-01]
 [  3.64249839e-01]
 [  7.89520777e-01]
 [  1.25782309e-01]
 [ -3.03330592e-01]
 [ -2.60999962e-01]
 [  7.51177312e-01]
 [ -2.49686264e-01]
 [  3.41161279e-01]
 [ -4.87022942e-03]
 [  4.47656097e-01]
 [  3.11871399e-01]
 [  3.79404740e-01]
 [  2.77671099e-01]
 [  0.00000000e+00]
 [  0.00000000e+00]
 [  9.40029877e-12]
 [ -5.56005168e-12]
 [  1.16806598e-10]
 [  2.94649603e-01]
 [  2.19784732e-01]
 [ -1.60874726e-01]
 [ -6.40746502e-02]
 [  1.76410541e-01]
 [  9.82809980e-02]
 [ -2.70778001e-02]
 [  2.04623339e-01]
 [ -2.02480929e-02]
 [  1.48838241e-01]
 [ -5.03214666e-01]
 [  7.62878562e-01]
 [  2.27266805e-01]
 [  3.09663472e-01]
 [  2.85460146e-01]
 [ -1.00847004e-01]
 [  1.02575457e-01]
 [  7.85286639e-01]
 [  6.65689430e-01]
 [  4.72302928e-01]
 [  4.53167506e-01]
 [  4.30746194e-01]
 [  3.38189159e-01]
 [  0.00000000e+00]
 [  0.00000000e+00]
 [  0.00000000e+00]
 [  0.00000000e+00]
 [  1.48636934e-10]
 [  2.90346946e-01]
 [  1.83495052e-01]
 [ -1.79408085e-01]
 [  4.30928695e-01]
 [  6.35125910e-02]
 [  3.48637453e-01]
 [  7.68844038e-01]
 [ -6.14197533e-01]
 [ -1.64275124e-01]
 [  4.97751741e-01]
 [  3.94125938e-01]
 [  1.05621037e-01]
 [  2.84346725e-01]
 [  8.55935569e-01]
 [ -4.20546353e-03]
 [ -5.46709560e-01]
 [ -3.12777069e-01]
 [  1.48443188e-01]
 [  6.96530098e-01]
 [  8.83260050e-01]
 [  1.15616254e+00]
 [  2.22601609e-01]
 [  1.36140064e-10]
 [  0.00000000e+00]
 [  0.00000000e+00]
 [  0.00000000e+00]
 [ -1.37504113e-11]
 [  9.35326733e-11]
 [ -7.99362901e-02]
 [  1.41798962e-01]
 [ -3.53656924e-01]
 [  5.38871110e-01]
 [ -3.14416568e-01]
 [ -1.23860625e-01]
 [  9.23512022e-01]
 [  5.05522172e-01]
 [  1.61190032e-02]
 [ -2.06305972e-01]
 [  2.65889795e-01]
 [ -3.10442845e-01]
 [  3.64704862e-01]
 [  8.32104560e-01]
 [  3.46223109e-01]
 [  1.68160154e-01]
 [ -4.38361675e-01]
 [  2.43029798e-02]
 [  7.39433491e-01]
 [  1.31899087e+00]
 [  9.46337981e-01]
 [  3.50859404e-01]
 [  6.28966961e-10]
 [  0.00000000e+00]
 [  0.00000000e+00]
 [  0.00000000e+00]
 [ -1.76221736e-11]
 [  3.48338008e-10]
 [ -6.35495329e-02]
 [  3.40521841e-01]
 [  3.56610137e-01]
 [  7.06773818e-01]
 [  3.68548638e-02]
 [  3.16079954e-01]
 [ -5.63845968e-01]
 [  2.63649182e-01]
 [ -2.03516790e-01]
 [ -4.17373438e-01]
 [  4.85584004e-01]
 [  4.77942456e-01]
 [  1.58923450e-01]
 [  1.54257119e-01]
 [  7.54698636e-04]
 [  2.45955228e-01]
 [  1.99255620e-01]
 [  2.28570034e-01]
 [  6.45152671e-01]
 [  7.15541816e-01]
 [  7.29863125e-01]
 [  1.27721306e-01]
 [  1.79997727e-10]
 [  0.00000000e+00]
 [  0.00000000e+00]
 [  0.00000000e+00]
 [  1.27262350e-10]
 [  4.91823754e-10]
 [  9.89508176e-02]
 [  3.80722549e-01]
 [  4.02621047e-01]
 [ -1.35432119e-01]
 [ -6.61041577e-01]
 [ -3.84496638e-01]
 [  3.54676631e-01]
 [  1.37353185e-01]
 [ -3.94801110e-02]
 [  3.18843170e-01]
 [  6.22867629e-03]
 [  3.09163088e-01]
 [  2.70113607e-01]
 [  3.46166816e-01]
 [ -3.64495503e-01]
 [ -8.11310677e-02]
 [ -1.25926624e-01]
 [  3.26947957e-01]
 [  5.16310262e-01]
 [  2.58436861e-01]
 [  7.52709559e-01]
 [  4.12414361e-10]
 [ -3.67576131e-11]
 [  0.00000000e+00]
 [  0.00000000e+00]
 [  0.00000000e+00]
 [  3.87983123e-10]
 [  7.87930746e-10]
 [  9.09892655e-02]
 [  1.01479873e-02]
 [  4.97397946e-01]
 [  4.17687160e-01]
 [  2.28971278e-01]
 [  3.09095907e-01]
 [ -2.45313437e-01]
 [  3.63916153e-01]
 [ -2.10917027e-01]
 [ -2.10092956e-01]
 [  1.34065669e-01]
 [ -1.73999966e-01]
 [  6.37249169e-02]
 [ -1.50099916e-01]
 [  3.90756749e-01]
 [ -4.25210599e-02]
 [ -3.21853506e-01]
 [ -5.77072668e-01]
 [ -4.62956136e-01]
 [ -7.89880536e-01]
 [ -1.77370564e-01]
 [ -4.91140941e-11]
 [ -4.26500549e-11]
 [  0.00000000e+00]
 [  0.00000000e+00]
 [  0.00000000e+00]
 [  3.31981720e-10]
 [  3.74753312e-02]
 [ -3.61258298e-01]
 [ -8.44701861e-01]
 [ -4.66870592e-01]
 [ -1.13694213e-01]
 [  2.61526367e-01]
 [ -2.44790691e-01]
 [ -2.74447463e-01]
 [  3.90730460e-01]
 [ -3.53841055e-02]
 [  1.61809403e-01]
 [ -5.88255540e-02]
 [  2.33025451e-01]
 [  4.66635405e-02]
 [  3.24938358e-01]
 [ -8.11024049e-02]
 [  1.25808593e-02]
 [  3.79332075e-01]
 [ -2.17607768e-01]
 [ -6.37245973e-01]
 [ -6.82705937e-01]
 [ -2.49548266e-01]
 [ -6.31333049e-11]
 [ -1.15042911e-11]
 [  4.46845823e-11]
 [  0.00000000e+00]
 [  0.00000000e+00]
 [  2.54565661e-10]
 [  6.40743178e-02]
 [  5.10856355e-02]
 [ -3.87336991e-01]
 [ -2.36302380e-01]
 [ -5.28929412e-01]
 [  3.64138533e-01]
 [ -2.09122826e-01]
 [  2.07940551e-01]
 [ -7.58075764e-01]
 [  1.54813224e-01]
 [ -4.60507338e-02]
 [ -1.46119757e-01]
 [  8.45833868e-03]
 [  2.64206889e-01]
 [  3.53289421e-02]
 [  4.40498418e-02]
 [ -1.06996254e-01]
 [ -5.40667418e-02]
 [ -3.79841618e-01]
 [ -3.50432273e-01]
 [ -1.56433686e-01]
 [ -1.53377432e-01]
 [ -1.82657611e-11]
 [  0.00000000e+00]
 [  1.46312349e-11]
 [  0.00000000e+00]
 [  0.00000000e+00]
 [  2.73783241e-10]
 [  2.09489353e-01]
 [  2.33516499e-01]
 [ -5.19723468e-02]
 [  3.48769682e-01]
 [ -3.41147332e-01]
 [ -8.63865016e-01]
 [ -3.76605076e-02]
 [ -6.80807129e-01]
 [ -2.34915103e-01]
 [  3.87136637e-01]
 [ -7.29625835e-01]
 [  7.04219806e-01]
 [ -2.07851614e-01]
 [ -2.59571486e-01]
 [ -6.61025121e-02]
 [ -2.14187140e-01]
 [  7.60874496e-02]
 [ -4.23670709e-01]
 [ -1.11082211e+00]
 [ -3.61640943e-01]
 [  6.94714387e-02]
 [ -9.62670231e-02]
 [ -5.14344284e-11]
 [  0.00000000e+00]
 [  0.00000000e+00]
 [  0.00000000e+00]
 [  0.00000000e+00]
 [  5.10560042e-10]
 [  2.88727953e-01]
 [ -4.88987827e-01]
 [ -7.70369556e-02]
 [ -9.30538953e-01]
 [  2.31196905e-01]
 [ -4.95173050e-01]
 [ -3.01518390e-01]
 [ -6.42749179e-01]
 [  3.42347304e-01]
 [  1.27836500e-01]
 [ -2.73354844e-01]
 [ -1.87372287e-01]
 [ -5.98366820e-01]
 [  6.85115521e-01]
 [ -3.27328661e-02]
 [ -9.63706819e-02]
 [  6.40696681e-02]
 [ -6.25985069e-02]
 [  1.12698382e-01]
 [  2.44918004e-01]
 [ -3.25643022e-01]
 [  5.91316218e-02]
 [ -1.16276297e-10]
 [  0.00000000e+00]
 [  0.00000000e+00]
 [  0.00000000e+00]
 [  0.00000000e+00]
 [  5.04380134e-10]
 [  5.73105807e-01]
 [ -2.62900511e-01]
 [  4.87820465e-01]
 [ -1.28271919e-01]
 [ -1.54178461e-01]
 [ -6.22335855e-01]
 [ -1.51656705e-01]
 [ -8.20980110e-01]
 [ -4.69265858e-01]
 [ -8.92250931e-01]
 [ -2.06703148e-01]
 [ -3.74031594e-03]
 [  1.01268700e+00]
 [ -1.07894990e+00]
 [  5.62090809e-01]
 [ -1.75635169e-01]
 [ -2.91760337e-01]
 [ -2.84665978e-01]
 [  1.86601747e-01]
 [ -1.49823944e-01]
 [  3.08220535e-02]
 [  1.03386770e-01]
 [ -9.45448618e-11]
 [  0.00000000e+00]
 [  0.00000000e+00]
 [  0.00000000e+00]
 [  0.00000000e+00]
 [  2.37553717e-02]
 [  1.93784651e-01]
 [  1.05911982e+00]
 [  6.89438806e-02]
 [  1.59095010e-01]
 [ -5.31344723e-01]
 [ -3.08413573e-01]
 [ -2.54243140e-01]
 [  2.81107637e-01]
 [ -6.78147273e-01]
 [  3.05085526e-03]
 [ -1.37971372e-02]
 [ -6.41454781e-01]
 [ -5.96491606e-02]
 [  1.41363636e-01]
 [ -5.23947451e-01]
 [ -4.69325162e-01]
 [  4.71658988e-01]
 [ -5.53077647e-01]
 [ -4.43028658e-01]
 [  3.31244538e-01]
 [ -7.89362085e-02]
 [ -9.05868775e-02]
 [ -9.31048784e-12]
 [  0.00000000e+00]
 [  0.00000000e+00]
 [  0.00000000e+00]
 [  0.00000000e+00]
 [  1.99179650e-01]
 [  3.97837999e-01]
 [  1.27862124e-01]
 [  3.72614667e-01]
 [ -5.80230763e-01]
 [ -1.35178172e-01]
 [ -2.32307905e-01]
 [ -1.66356188e-01]
 [ -4.25404878e-01]
 [ -2.40536817e-01]
 [  5.33591880e-02]
 [ -1.38286371e-01]
 [  3.26086513e-01]
 [ -5.51589631e-01]
 [ -2.04942050e-01]
 [ -4.92986698e-01]
 [ -1.67977344e-01]
 [  2.90514388e-01]
 [ -2.18785629e-01]
 [ -1.27338796e-01]
 [  1.53616847e-01]
 [  1.77755873e-01]
 [ -4.04273810e-10]
 [  0.00000000e+00]
 [  0.00000000e+00]
 [  0.00000000e+00]
 [  0.00000000e+00]
 [  0.00000000e+00]
 [  4.20287340e-02]
 [  3.63639915e-01]
 [  2.79173142e-01]
 [  2.83264465e-01]
 [ -1.53481206e-01]
 [  1.97167458e-01]
 [  2.41963110e-01]
 [ -4.15739227e-01]
 [ -2.79521810e-01]
 [ -2.24646128e-01]
 [ -3.16675416e-02]
 [ -2.71330890e-01]
 [  3.17195160e-01]
 [  2.16124328e-02]
 [  8.12195689e-01]
 [ -2.47261134e-02]
 [ -1.60284777e-01]
 [  3.90160118e-01]
 [ -1.52198672e-01]
 [  4.33618196e-01]
 [  8.19485666e-03]
 [  3.27321784e-01]
 [ -4.43519481e-10]
 [  0.00000000e+00]
 [  0.00000000e+00]
 [  0.00000000e+00]
 [  0.00000000e+00]
 [  0.00000000e+00]
 [  6.08408329e-10]
 [  9.13669486e-03]
 [  3.86081795e-01]
 [  7.70942004e-02]
 [ -1.91349620e-01]
 [ -6.11822621e-01]
 [ -3.44795911e-01]
 [  1.12539210e-01]
 [  6.58365833e-03]
 [ -4.23379018e-02]
 [ -1.67827561e-01]
 [ -1.65196932e-01]
 [ -8.05043129e-01]
 [ -1.68506572e-01]
 [  3.89186070e-01]
 [  3.62148888e-01]
 [ -6.74813191e-01]
 [  2.10836363e-01]
 [  3.68549108e-01]
 [ -3.02772298e-01]
 [  5.87577065e-02]
 [  1.63154568e-01]
 [ -1.50593877e-10]
 [  0.00000000e+00]
 [  0.00000000e+00]
 [  0.00000000e+00]
 [  0.00000000e+00]
 [  0.00000000e+00]
 [  2.46081854e-10]
 [  4.77589870e-08]
 [  9.54683819e-02]
 [  3.43003734e-01]
 [  3.82479817e-01]
 [  2.69440611e-01]
 [  2.04298326e-01]
 [ -3.92604889e-01]
 [  4.41344359e-01]
 [ -6.99751761e-01]
 [  4.74107028e-01]
 [ -3.88628495e-02]
 [ -6.76362252e-01]
 [ -2.47331874e-01]
 [  6.38935060e-01]
 [ -1.33896250e-01]
 [  4.03080268e-01]
 [  3.82785736e-02]
 [ -5.96246229e-01]
 [  1.86837448e-01]
 [  2.06953466e-01]
 [  1.48734004e-02]
 [  0.00000000e+00]
 [  0.00000000e+00]
 [  0.00000000e+00]
 [  0.00000000e+00]
 [  0.00000000e+00]
 [  0.00000000e+00]
 [  6.01861759e-11]
 [  1.00570064e-07]
 [  1.30358074e-07]
 [  2.51319464e-03]
 [  1.43683446e-01]
 [  2.10996738e-01]
 [  1.10647938e+00]
 [  7.13230485e-01]
 [  2.24520838e-01]
 [ -1.85079147e-01]
 [  8.88671055e-01]
 [  7.06848048e-02]
 [ -3.49881091e-02]
 [  2.11693820e-01]
 [  1.62958715e-01]
 [ -7.75324114e-01]
 [ -4.05651979e-01]
 [ -3.14419844e-01]
 [  1.35956285e-01]
 [  9.29881462e-02]
 [  1.50884255e-02]
 [  1.40745786e-02]
 [  0.00000000e+00]
 [  0.00000000e+00]
 [  0.00000000e+00]
 [  0.00000000e+00]
 [  0.00000000e+00]
 [  0.00000000e+00]
 [  4.38469436e-11]
 [  4.63859660e-08]
 [  1.29139503e-07]
 [  1.30197836e-07]
 [  1.33460415e-07]
 [  1.84113544e-01]
 [  2.72528386e-01]
 [  4.02075383e-01]
 [  5.67943575e-01]
 [  4.44532458e-01]
 [  1.14554295e-01]
 [  2.38243654e-01]
 [  1.43235106e-01]
 [  7.98124987e-02]
 [  5.31363305e-01]
 [  7.18030411e-01]
 [  3.48720478e-01]
 [  5.38946433e-02]
 [  6.47307806e-10]
 [  1.30010940e-02]
 [  1.50884254e-02]
 [  1.50884254e-02]
 [  0.00000000e+00]
 [  0.00000000e+00]
 [  0.00000000e+00]
 [  0.00000000e+00]
 [  0.00000000e+00]
 [  0.00000000e+00]
 [  4.27104077e-11]
 [  3.51436032e-11]
 [  8.04283356e-11]
 [  2.57582760e-10]
 [  7.74478436e-10]
 [  1.81579036e-09]
 [  3.27270682e-09]
 [  4.73332518e-09]
 [  5.53557605e-09]
 [  2.06917969e-03]
 [  2.18203787e-02]
 [  3.10376049e-02]
 [  4.10072590e-02]
 [  6.26986241e-09]
 [  6.81986562e-02]
 [  7.88546939e-02]
 [  1.56576240e-09]
 [  6.04473303e-10]
 [  1.66670922e-10]
 [  9.54208732e-03]
 [  1.50884254e-02]
 [  1.50884254e-02]
 [  0.00000000e+00]
 [  0.00000000e+00]
 [  0.00000000e+00]
 [  0.00000000e+00]
 [  0.00000000e+00]
 [  0.00000000e+00]
 [  0.00000000e+00]
 [  0.00000000e+00]
 [  0.00000000e+00]
 [  0.00000000e+00]
 [  1.68753986e-11]
 [  1.06715294e-10]
 [  2.62067774e-10]
 [  8.28556649e-10]
 [  6.81806847e-10]
 [  1.31674688e-03]
 [  4.02548261e-02]
 [  3.10375998e-02]
 [  5.64320047e-03]
 [  5.57669297e-10]
 [  2.48555725e-10]
 [  3.84830614e-11]
 [  0.00000000e+00]
 [  0.00000000e+00]
 [  0.00000000e+00]
 [  0.00000000e+00]
 [  0.00000000e+00]
 [  0.00000000e+00]
 [  0.00000000e+00]
 [  0.00000000e+00]
 [  0.00000000e+00]
 [  0.00000000e+00]
 [  0.00000000e+00]
 [  0.00000000e+00]
 [  0.00000000e+00]
 [  0.00000000e+00]
 [  0.00000000e+00]
 [  0.00000000e+00]
 [  0.00000000e+00]
 [  0.00000000e+00]
 [  0.00000000e+00]
 [  0.00000000e+00]
 [  0.00000000e+00]
 [  0.00000000e+00]
 [  0.00000000e+00]
 [  0.00000000e+00]
 [  0.00000000e+00]
 [  0.00000000e+00]
 [  0.00000000e+00]
 [  0.00000000e+00]
 [  0.00000000e+00]
 [  0.00000000e+00]
 [  0.00000000e+00]
 [  0.00000000e+00]
 [  0.00000000e+00]
 [  0.00000000e+00]
 [  0.00000000e+00]
 [  0.00000000e+00]
 [  0.00000000e+00]]
b
[ 1.6247073]

[10, 44, 73, 89, 95, 103, 144, 158, 171, 175, 191, 229, 322, 352, 376, 399, 436, 439, 447, 449, 481, 512, 522, 538, 544, 556, 572, 575, 584, 599, 640, 644, 670, 744, 788, 803, 804, 823, 825, 826, 846, 852, 864, 893, 922, 980, 1017, 1031, 1034, 1049, 1076, 1110, 1126, 1140, 1144, 1164, 1170, 1177, 1199, 1203, 1245, 1253, 1286, 1296, 1323, 1327, 1354, 1357, 1362, 1387, 1389, 1396, 1429, 1436, 1441, 1451, 1466, 1482, 1484, 1490, 1521, 1530, 1542, 1554, 1579, 1615, 1642, 1649, 1687, 1704, 1714, 1719, 1723, 1734, 1739, 1744, 1762, 1765, 1767, 1769, 1775, 1777, 1804, 1810, 1821, 1826, 1861, 1900, 1910, 1947, 1993, 2004, 2006, 2012, 2015, 2016, 2043, 2054, 2059, 2068, 2106, 2113, 2125, 2153, 2163, 2190, 2231, 2235, 2237, 2244, 2260, 2264, 2265, 2266, 2304, 2326, 2370, 2377, 2383, 2419, 2425, 2460, 2464, 2482, 2499, 2516, 2541, 2542, 2564, 2605, 2613, 2633, 2640, 2648, 2668, 2676, 2719, 2750, 2771, 2774, 2780, 2792, 2814, 2820, 2825, 2829, 2855, 2866, 2870, 2874, 2897, 2905, 2906, 2919, 2961, 3011, 3013, 3016, 3018, 3085, 3102, 3112, 3118, 3137, 3151, 3157, 3187, 3213, 3225, 3230, 3231, 3256, 3296, 3300, 3318, 3335, 3342, 3352, 3358, 3366, 3380, 3440, 3457, 3462, 3471, 3507, 3537, 3550, 3563, 3576, 3613, 3622, 3627, 3643, 3679, 3685, 3686, 3710, 3720, 3725, 3776, 3781, 3791, 3799, 3804, 3826, 3838, 3855, 3859, 3886, 3894, 3917, 3980]

No. of Support Vectors:  233

Total correct(in test):  1800
Total test(in test):  1850
Accuracy using Linear kernel(test set):  97.2972972972973

Total correct(in train):  3996
Total test(in train):  4000
Accuracy using Linear kernel(training set):  99.9
